-4.4264481
-1.0915747
-2.0946782
1.0829443
-1.0634485
-2.8986358
1.1053866
-1.462578
-1.6554177
-1.2279605
-1.7069335
-1.8470427
2.0237746
-0.91871322
0.82598785
-1.2104921
-1.3909272
1.1345752
0.73388025
-0.98975257
-1.8461565
2.382562
-1.0775001
-1.0372316
1.2735342
-1.6713218
-1.2602585
1.2170491
0.99022404
1.3691302
-1.7483158
-1.6452765
-1.095428
-1.3286483
-1.8684128
-1.3637
-2.0371057
-1.0398913
-1.7323367
-1.3242185
-1.3508768
-1.3550522
-1.7244871
-1.8613486
1.4334223
-1.5825993
1.4107019
-2.0671915
-1.9611203
-1.4464873
-1.9401617
-2.7457712
-1.4990625
-1.8556368
-1.6045624
1.1652432
-1.3277248
1.0177629
-0.71891624
-1.3058053
-1.0150791
-1.2065009
-1.0048119
-1.2235519
-1.2050924
1.1525345
-2.131673
-1.1951825
-2.1645245
-1.2651701
1.2998361
-1.2924664
1.0364591
-1.2371632
-1.2084945
-1.420474
0.99623079
-1.441231
-1.8023704
-2.1271981
1.2756942
1.3096002
-1.4023277
-3.2008285
-1.300568
0.84484782
-0.984117
-1.0707439
-1.2271958
-1.2542148
-1.4510293
-1.168378
-2.0787901
1.4962017
-0.95422291
-1.4909906
-2.6344091
-1.2801063
-4.9943856
-1.9911002
-1.0593876
-1.3004299
-1.5695427
0.98348884
-1.2314648
1.1082022
-1.2090835
-1.0403701
1.6230622
0.96524503
-1.7895609
1.3741654
-2.1881921
-1.9565121
1.101514
-1.8382283
-1.3224756
-2.2811168
1.0210644
1.7035119
-1.506703
-1.4670647
-2.4833079
1.056424
-1.1712191
0.91381033
-1.5175991
-1.1837459
-1.0515684
-1.3406332
-1.6976562
-1.0840469
-2.0175421
-2.5195431
-2.3935839
-2.4974406
-2.2375579
-1.2580601
-1.2360998
1.0756888
-2.6292413
-1.1884898
-1.2818354
1.3677376
-2.4382139
-2.5389162
1.057505
-1.7960513
-1.0063984
-1.0435517
-2.6210024
-2.5914009
-1.0077497
-2.4453036
-0.84220345
2.056202
-2.2198127
-0.99190556
-1.4654239
-1.2860941
-1.0087163
-0.78565501
2.0040623
-1.2484729
-1.9209837
-2.6377701
-1.115014
-0.78999809
-1.3202526
1.0850012
-1.0394541
-1.5828458
0.25276545
-1.2696247
-1.1212058
1.1571218
-1.3789511
-1.6600514
-1.1416517
-1.2207426
0.93432041
-1.2519047
1.1411373
-2.2694734
1.826326
-0.86844485
-2.3812002
1.1406235
-0.99150154
-2.0624434
-1.9792821
-1.5918752
-0.92223073
-2.5563967
-2.1984019
-1.9824913
0.87176302
-1.3381971
1.2098383
-0.96214088
-1.6384242
1.8650577
-5.0258953
-2.0307887
-1.7539799
-1.4551218
1.3264203
0.77733627
-0.95367853
-2.8043456
-1.1099511
-4.0887712
-2.1570312
-1.9635982
-1.8002448
-1.5776501
-1.416955
-1.7762802
1.4971112
-1.5455963
-1.6793457
-2.167888
-0.87261157
1.1018701
1.1622714
-3.1108582
-0.95220093
-1.7518124
-1.6583792
-2.0860155
-0.91818145
-1.2196601
-2.5230211
-2.6378413
-1.2974957
-1.1409991
-1.5675213
1.0058605
1.2341185
0.82819301
-1.2917463
-1.547722
-0.96820635
1.2960907
-1.8436767
-0.77572587
0.98746476
-1.5431758
-0.89837696
-1.8076298
-1.6426572
1.4622575
-1.014896
-1.281524
-1.3619292
-1.6291563
-1.4924092
-0.90503382
-1.0808096
-1.0590701
0.95774246
0.95215815
1.113006
-1.3838461
-1.3838958
-1.8924415
-1.0577731
-1.1995285
-1.2861775
-2.0102154
1.1385072
2.6603919
-1.1376853
-0.53473614
-1.3855529
1.7031104
1.1751411
-1.8904513
-1.4669661
-0.84226944
-2.2901853
-0.87301752
-0.97152355
-1.7407353
1.1163963
-1.0570641
-1.8704154
1.1702582
1.0551112
-1.2099019
-1.9931683
1.6684911
-1.2785082
-2.6533631
-1.0282518
1.0813889
-2.0102154
-1.3700238
1.3367379
-2.9730125
-1.1682412
-1.2202292
0.85805181
-1.9307929
-1.0085958
-1.3087677
-1.1759033
-1.805168
-1.6085669
-0.99420285
-1.3865968
-2.5449508
1.0196315
-1.3173364
-1.9483363
-1.7301148
-1.7633858
0.94539867
-1.212511
-2.1981406
-1.730792
1.0542195
-1.1197533
-1.1138476
-1.7764784
-0.80140806
-1.381042
1.25291
-1.1798865
-1.0851113
-2.5045363
-1.1998223
-1.2018075
-1.1815811
1.3975012
-1.256071
1.19148
-1.4009559
-1.7074991
-1.5106742
-1.3194853
-1.6642582
-1.2340134
1.3159171
-1.0208894
-1.4928993
-1.3055223
-1.1377477
-1.7434061
-1.3532294
-1.3095322
-1.9880525
1.0448735
-1.1523704
-1.2964056
0.97176312
-1.4473375
-2.0204649
-1.539744
-1.4897697
-0.97036151
-1.2739388
-1.0628856
1.5048417
-2.2718708
-1.3307507
-1.7495088
-1.6393959
-1.3268603
-1.5575961
-1.5869455
-1.7457905
-4.3943577
-1.5989093
-0.93222125
-0.93735155
-2.2918707
-1.0361502
1.1975788
-1.0482236
-1.3561594
1.1856974
-1.9638111
1.2673045
-1.3202869
-1.9368854
-1.2743903
0.89150517
1.8779187
-1.7541324
-1.1409954
1.1433357
-1.9030912
1.1322684
-1.1934157
-1.3717944
-1.0362706
-1.0748627
1.4277466
-1.3202117
-1.8692299
1.194884
1.1861884
-1.2851988
-1.1435014
-1.1755735
-0.99412143
-2.5909122
-1.5623551
1.2487376
-0.96223919
1.5485017
1.1767907
-0.80327429
-1.0488255
1.2971576
-1.9222863
1.2577605
-1.3646963
-1.5370069
-1.3407284
-1.4587946
-1.9752933
1.3597346
1.2169155
1.1801836
0.94466903
-1.2692005
-1.0107479
-3.3796402
-1.1482749
-1.5541378
-1.2306285
-1.9360224
1.6255353
-2.0273333
-1.3996946
1.2273867
1.4122639
-2.154794
0.88905089
1.3060922
1.0649312
-1.4976945
-1.617143
-1.5620181
-2.9635681
-3.1880393
-1.1217954
-1.6155904
-1.5366384
-1.8409601
1.0556259
-3.1862303
-1.3641985
-1.0887395
-0.82719569
1.7304145
-1.6444115
-0.9575675
-2.0329087
-0.95670192
1.9883444
-1.2539359
1.4884418
-3.1813224
-1.0695987
-2.9563246
-1.1515767
1.1851233
-2.3430197
1.0772736
0.91766367
0.86230028
4.1140784
-0.86097839
-1.0216842
1.0590198
-3.7634622
1.6947136
-1.8254952
-1.2891756
-1.1726721
1.6809544
-1.757209
-3.6222992
1.0387418
1.6504823
-1.2024773
-2.5637845
1.9883444
3.6358232
-1.4864544
-1.3452909
0.95008177
-0.97266143
-1.4842484
1.7143534
1.3809034
-1.1224253
0.88023226
-1.9824922
-2.0535801
1.2064126
-1.5020507
-1.4537759
-2.0822567
-2.1891483
1.1477038
-1.0590701
-0.9013607
-1.4071453
-1.9405887
-1.4096711
-1.5090738
-2.0102154
-1.9152587
1.7548919
-1.157811
-1.2707014
-2.4151607
-1.0751484
1.2132604
-1.158484
-0.96252636
-1.5647282
-1.6229163
-0.93965294
-1.3613177
-1.250272
-2.6287705
0.93738024
-0.94464784
-1.4324147
2.9868047
-1.3295376
-1.9278127
-1.988136
-1.6149681
-1.3441823
-2.0629225
-1.4781153
2.3373213
-2.5065812
-1.5492467
-1.3306872
-2.123398
-0.94267061
-2.3790231
-1.9867326
-2.1408304
-1.7391922
-1.2677814
-3.1862303
-1.1505473
-2.1199961
-1.5045589
-1.4477324
-3.4051754
-1.1681174
1.2830978
-2.0410743
-1.1067667
-1.3144065
-1.4714863
-1.9447558
-1.6856701
-1.4202538
-1.3062154
-1.314356
-1.1274509
-1.2319344
-1.1842475
-1.1987063
1.5839168
-1.1944367
1.7473878
-2.6951365
-2.0633637
-1.1486366
1.1691106
1.2982473
-1.3155678
0.98606225
-1.6359837
1.0045952
-1.7558622
-1.3958928
-1.0590701
1.225095
1.4215517
-1.0577206
-1.9762617
-1.4886694
-1.0199692
1.5284739
-1.2872062
-1.1202505
-1.5956252
-2.1835764
-2.6338025
-1.0299494
-1.0757358
-1.5682883
-1.9672728
2.7684603
1.2015196
-1.2081414
1.3203799
1.3980664
-2.0340483
1.1394893
-1.7200585
1.1219532
1.3561089
-1.3118248
1.1476651
1.3416968
-1.1933354
-1.1957795
-1.1957506
-1.1310504
-1.2041931
-1.2027404
1.01237
-1.5981921
-1.5732696
1.4574804
-2.0402358
-1.7712671
-1.2403701
-1.3691328
-0.83260728
-1.3336349
-1.5893131
1.4037575
-2.2390151
-1.5689753
-1.530556
-1.9672728
1.3604632
1.406763
2.6598445
-1.1394124
1.1576458
-1.2619132
1.1327904
-1.4413828
-1.0274205
1.1834058
-1.5295462
-1.0639414
-1.0256245
-1.7254744
-1.7654716
-1.1586277
-1.7959008
-1.3397617
1.4220884
-1.9781802
1.2245748
-1.4346877
-1.9493241
1.1453822
-1.828889
0.98436432
1.165522
-1.4110213
-1.6399667
-1.6081755
-1.2219022
-1.659528
1.3866823
-1.1761582
0.99114092
-1.246232
-1.0664616
-2.1277686
-1.8449127
-1.1241813
-1.2236721
-1.4862423
-0.99513565
-1.3270578
-2.3237659
-2.2645597
1.5496993
1.0461499
-1.2074387
-1.8194674
-1.0600381
-2.0678125
-1.2147307
-1.9488929
-2.1274059
-1.1368146
-1.6109792
-2.5894068
-1.6490049
-1.3844271
0.87437013
1.3291455
-1.3761254
-1.1441635
0.90336472
-1.2399397
-1.2462486
-1.5863319
2.3909874
-2.0641348
-1.5364493
1.1528671
-1.6255105
-1.6075297
0.97939306
-1.3771434
-1.661588
-1.5638761
1.0559361
1.1313504
1.5040495
-1.2696442
-1.2453328
0.086417944
-2.2168568
1.4011935
1.5099997
-1.246523
1.3602042
1.3951576
-1.8253131
1.7352623
-1.7550079
1.1512001
-1.2299258
-1.024704
-1.3654826
1.1821588
-1.4136079
-1.5823832
1.1492958
-1.9473006
-2.5017701
-1.5819013
-1.2975877
4.3892762
1.5697872
-1.3273421
1.4703554
-1.6896849
-2.0049848
1.6136718
-0.81578962
0.85123965
-1.6958622
-1.7933046
-1.871863
-1.7781759
-1.9015544
-2.4890487
-1.326449
-3.8515868
-1.5400782
1.1289564
-1.5570003
-1.6153862
-1.3922417
-1.3233856
-1.8016106
-1.4569399
-1.602305
-2.5550282
-2.0101763
-1.9616136
-1.9201938
-1.3722359
-1.6008391
1.2867507
-2.0320083
-1.3903943
-1.2969697
-1.4425863
-1.3710834
-2.1580806
-1.3544238
-1.42905
-1.8156104
-1.4076726
-1.4384172
0.92036156
-1.1730879
-1.1112382
-1.0782412
-1.1145991
-1.1489688
-1.1167442
-2.1958502
-1.095766
0.92719228
-2.3293034
-1.9541877
-1.6901968
-1.8421614
-3.2039528
1.1597305
0.97165454
1.2327467
1.5181392
-1.1900469
-1.3200932
-1.6413307
-2.5697879
-1.5405072
-2.2739936
-1.2097378
-1.5600548
-1.5220525
-1.5691199
-1.40193
-1.8776658
-1.5084587
1.1199379
-1.3474506
-1.2148363
1.0593
1.2623663
1.9095358
-5.0127856
-1.2322126
-1.1707501
-1.5709473
-1.6524284
-2.7275437
-2.0909149
-1.742036
1.8406658
0.79146624
1.3016783
-1.8394375
1.464448
-2.269659
-1.0921775
-1.5465398
-0.97738901
-2.4387294
-2.1525589
-3.745751
-1.3805556
-2.0855023
-1.7020541
1.0646052
0.90984519
0.93917816
0.95994685
1.5435769
-1.2787484
1.2369989
0.94099729
0.94062075
1.7634569
2.4471442
1.4733891
-1.820752
1.5993267
1.1274398
-0.48244947
-1.0128001
1.6487308
0.90871487
1.5421476
1.3563377
-1.9640702
-1.407988
-1.4261
-1.4975089
1.5667917
-1.1282027
-1.6722332
-1.5821116
1.0584469
1.2654774
0.86943756
1.3829522
1.8407797
0.73571801
1.3834124
1.4015211
-1.7716051
1.6414499
-1.2732603
1.3903647
1.5488739
1.162073
0.86168789
-1.3655304
1.3999843
-1.2270462
-1.2738538
-0.94664154
-1.3671958
1.5115473
-2.0216555
1.3675472
1.0902892
1.2243399
1.1870402
0.80997215
-1.660372
1.1710197
-1.8808297
-1.4127707
1.2151106
1.2864912
-2.384341
1.0760446
1.1780441
0.77215528
0.95257012
-2.0447216
1.1267367
0.97024984
1.2478274
1.0390026
1.2264835
-2.0769278
0.99827365
1.0969431
-1.4802983
0.95349695
1.4047014
1.6825249
1.029779
1.1874174
1.0246005
-0.95748859
1.1235423
-1.0087533
1.2977839
-1.4243622
1.2449357
-1.8124125
-0.91702842
-2.0438616
1.6818428
0.96360997
1.4929829
1.6983932
1.05577
-2.6122231
-1.5054951
1.1361662
1.6068392
1.2934532
-1.5346941
1.7713589
1.2163115
1.1266339
1.0197
-2.0918333
-1.9337021
0.90468442
-1.5477548
1.126014
-1.736489
-1.4330939
1.0129014
1.1570118
-1.4013109
0.19534666
-0.98816432
-0.97354354
0.95911962
1.331906
-1.4414735
1.1580387
2.0902426
2.0508417
1.0114033
-1.9688003
1.6548061
1.075364
0.96328266
1.6011184
1.9962368
1.664262
1.4722891
1.1032474
1.0466067
1.1092117
-1.9597386
2.5007903
-1.3595059
-1.0195506
-1.5274585
-1.334885
-1.1290946
-2.269838
-3.6170852
1.0693044
1.9314015
-3.1100693
-1.9604184
-1.5246106
-1.3685522
-2.8882276
-0.93265968
-1.9658294
-2.1846712
1.3893507
-2.7890841
2.3783795
1.3550106
1.0220277
1.519208
-1.4180658
-2.9604449
-2.7177427
-1.9943313
0.98263511
-1.2581217
1.417493
-1.4331214
1.4695739
-0.85913632
-2.9482538
1.0456553
2.5686741
-1.5362368
1.6391843
-0.94243289
1.5776993
-1.4253015
1.4094252
1.8870647
1.0565868
1.0854377
1.1366079
-1.7986735
-2.7921137
-1.8290855
-1.4851493
-1.4034651
-1.4081095
-1.3957488
-1.6721428
1.5665402
1.1212938
0.88950517
1.3685203
-1.9160496
-2.1719203
1.4526497
-1.8683912
-0.941108
-1.5563971
1.0975506
-1.8782949
1.2978369
2.4206588
1.3344855
-1.603598
1.2519932
-1.5718729
-1.8734174
1.254449
-1.3982184
-0.90043402
-1.9339297
-1.462846
1.4563732
-2.5260139
1.2298256
1.3446508
1.1441945
2.1695602
1.2344232
0.66782285
-2.2954086
0.91182013
-0.90235253
1.0633072
1.459706
1.2489398
-1.4492824
-1.6120594
-1.2902228
0.45228957
-1.1330967
-1.5639739
-1.6388107
-1.3004712
-1.3560302
1.1698405
-1.8324792
-1.0789422
-1.3353931
-1.5302101
-1.5982761
1.2637762
-2.2906538
-1.873089
-1.2004888
1.633182
1.1209815
1.2502366
1.0312067
-1.449289
-1.5431309
-1.2879362
-2.2792559
-2.4191126
-2.0592388
1.4459622
-1.872355
-2.0721765
0.86228111
2.0921537
-1.5889071
-1.9642454
-2.8315653
-1.5545997
-2.1046414
-1.7845233
1.0659459
-1.6677052
-1.1535585
-3.9624567
-2.4415229
0.99284518
-0.81561287
-2.0592388
-0.75353246
-2.5468247
-2.8315653
1.6067844
0.99177711
0.83532632
0.87493156
1.2468026
0.97867055
1.0127009
1.4478215
1.3733274
-2.7980706
0.87608565
-1.696099
0.6654423
-1.7113266
1.302998
-2.0034711
-1.8998715
-4.0471577
-1.4627208
1.2458079
0.89941115
0.96400088
-1.9047825
-1.5574048
1.1741241
-1.1354693
1.8625532
1.5395639
1.4253084
0.74527856
-0.83632742
-1.0387757
-1.6307497
-1.1825805
-1.1037258
1.5480526
1.1165724
0.23078814
-2.1542928
-1.0785177
-1.8058637
-1.9632503
-1.1012788
-1.6553227
-1.0233489
-1.0527486
-1.0654764
-1.0701724
-1.490154
-1.4565442
-1.6899213
-2.1097357
-1.3656125
-1.2850887
1.0863048
-1.4817978
-1.6809446
-1.4753371
-1.236579
-1.9080174
-1.0701724
1.2574622
-1.2570536
-1.2911073
-1.9931559
-2.0863524
-1.1770485
1.5394006
-2.7155177
1.1749415
-1.0905853
-1.5060026
-1.5433839
1.7439581
-1.6919817
-1.0965303
-2.2608291
-2.0605577
-1.5117857
-3.4372188
-1.7062974
1.3094692
-1.135581
0.98707427
1.33248
1.5604651
1.2534617
-1.1338687
-0.8812627
-1.3170861
-1.5804619
1.3650662
0.94103528
1.1601932
-2.3544689
1.3092834
1.1511809
1.6692651
1.01783
2.3209801
-1.2928554
-1.2567407
0.97478646
1.0198619
1.4362377
1.2927048
1.2191385
1.1280309
-2.7746714
-1.5231801
1.4732588
-1.4960364
-0.97502507
-2.2236915
-2.5670573
-1.731046
0.95173532
-1.6339625
-1.5959624
0.91975525
1.5167447
-2.1239366
-1.4744823
-1.5679009
-1.2654729
0.90701205
-1.2444749
-1.6457591
1.2988277
1.0088928
-0.91712879
-0.89249679
1.5581117
-1.5332693
1.4649012
1.255381
-2.1444049
1.2972514
1.3177243
-1.5258057
-2.152852
-1.2930318
-1.2930318
-1.3289826
-2.1815379
1.2511088
1.7643379
-1.1163547
-8.0702673
-1.9776583
-1.1314045
0.92982828
1.2087334
-0.73498828
0.93478877
1.5128532
-1.8363882
1.3314248
1.1797458
0.77479807
0.95252495
-1.7795753
0.98572922
1.2321614
-1.6541489
1.4824049
0.93553211
1.4640701
-3.9446697
0.98835387
1.1657965
-1.6078397
-1.5007798
1.1604775
-1.9949939
1.1907259
-1.3586809
1.1447604
1.2525956
0.87542155
1.1005486
1.1681381
1.1975755
1.2459916
1.2503657
2.0912363
0.94256339
0.82490401
-2.2378389
0.74397264
1.3073016
1.2856726
-1.6385685
1.2341623
-0.13717531
-2.0533936
-1.7269143
-3.6214257
1.5095224
1.2643532
0.63389495
1.5134905
1.4782354
0.85076361
0.83720695
0.53691724
-1.5449845
1.476782
1.0903973
-0.81839528
1.338508
1.1390759
-1.2650121
-1.2547227
0.95232818
-1.8620519
1.753786
-0.87335709
-1.5600609
1.2648298
-1.8888827
1.1942894
1.4516306
1.2153199
-1.5055091
1.2180753
1.1072676
-1.4845286
0.97579673
1.1716946
1.3155976
-1.4778001
1.2962355
1.1443694
-2.0306142
-1.8687603
1.0609635
-2.4771717
-0.82384691
-1.2671313
-1.0269609
-1.097611
-2.8984084
0.89426993
-1.2981861
-1.2471221
1.2573328
-3.3232776
1.4703025
-2.9212671
-1.930505
-1.6172361
-1.2292213
-2.7470397
-1.0163941
-1.5046984
-1.080416
-1.860671
-2.4850362
-3.4070666
-1.1493305
-1.4458219
-1.6943662
-0.99496478
-1.9538839
1.1239288
1.0028544
1.1446543
-1.4810909
-1.4053961
-2.4934142
0.79451565
-1.1942935
-1.6123722
1.47548
-0.91927011
-1.8844031
0.99025226
-1.2371843
-1.494626
-1.3912472
0.94332566
1.2242409
-1.5238877
-1.9951301
0.89614981
0.70959726
-1.8131775
1.5400855
2.9966468
1.6180772
1.1338103
1.0500589
1.3999793
1.1192989
-1.445545
0.99027849
-1.3458783
1.2927892
-1.3916005
2.621572
1.1622618
-1.7911007
0.81260459
1.0286595
1.2907538
1.2191898
1.7290397
1.6209586
-1.5092714
1.2173412
-1.288115
0.87587708
2.0580574
1.1898756
3.2180182
-1.6551955
1.7165868
1.1941728
0.84727305
1.5794271
0.97695369
0.97526394
-1.6186269
1.1181278
-1.183138
-2.7560037
-1.1510326
-1.4494713
1.7455974
1.705365
-1.7396316
1.1151105
-1.4040795
-2.5605495
1.1542778
1.1164218
1.4169417
1.3048934
1.2385916
-3.1066798
1.2553741
1.2058195
0.82265933
-1.840316
-1.8225949
-2.1697383
1.1016442
1.3414983
-2.1184601
1.4181748
-1.3488173
1.081203
0.86379033
0.91740045
0.94659299
1.4657195
-1.7429493
-1.6624287
0.99330255
1.1144093
1.223846
1.0052553
1.2308312
1.1240258
1.5653455
0.99617437
-1.6321315
0.91029303
-1.3463383
2.2145797
-1.343846
1.239494
0.92668372
1.2212395
1.3957624
1.6170188
0.8198891
-1.3870389
1.3722556
1.9018169
1.3716364
-1.7102952
0.87316368
-1.2640829
1.4125598
1.2286397
-1.6354228
1.3751605
1.3268837
1.1833489
-1.1689982
-0.76063318
-0.98982261
-1.4893808
-1.1535669
-1.5349258
-0.77633942
-1.3910452
-1.1155805
-1.8057965
-0.85410172
-1.0352073
1.2202298
0.90928885
-5.7531734
0.78504748
-3.0723243
-0.78971274
-1.2392412
-0.97486118
-0.83230611
-0.98074674
-0.77351202
-1.0802451
-0.9932963
-1.086568
-1.7255162
-1.8876171
-1.2892088
1.3659031
-1.5540945
-1.5583594
-2.3060673
-2.1556468
-1.4394745
-2.1985557
0.95736392
-2.5154349
-1.7442655
1.1745553
-1.0097989
-1.3846388
-1.0376909
-2.953213
-1.9455721
-1.8374521
-1.9580467
-2.6034145
-2.0321256
-2.6697567
-2.500145
-2.1374236
-1.8314518
-2.0689427
-1.5933851
-1.7170862
0.92115432
-1.3882549
-1.8599254
-1.722446
1.009158
-1.925461
-1.677401
-1.4832546
1.5368807
-2.1696045
-1.8114337
-1.5198693
-1.730968
-2.7692478
-1.8234415
-1.7485254
-1.3657314
-1.8304887
-2.9354336
-2.1104648
-1.6901161
-1.2424749
-1.7798968
-1.6808003
-1.5316494
-1.3933517
-2.3134297
-1.4813617
-3.731854
-0.92341661
-1.5511287
-1.700296
-2.3107215
-1.7036461
-1.7896316
-1.048478
-1.7023803
-1.6609589
-1.6786348
-1.9673225
-1.9815411
0.84506555
1.4861036
-1.7568272
-2.304692
-1.5220015
-3.07697
0.97236799
-2.3687253
-1.7036461
-1.3174106
2.2442998
-1.5015528
-2.1993697
1.4764581
-1.9098418
1.1466347
-1.6759208
-1.8468414
-1.7617782
-1.9144581
-1.733359
-2.0620459
-0.94544399
-0.69310151
0.86832632
-1.6332671
-1.7376437
-1.7818341
-2.5438974
-1.371462
-1.5877976
-1.2886353
-1.7128111
-2.0615418
-1.1812644
-1.4514612
-1.3892636
-1.553444
-1.6431553
-1.3672692
-1.6310077
2.303168
-2.0359279
-1.433795
-1.7805125
-1.7424765
-1.3106139
-1.4201826
-1.9159432
-2.8268693
-3.3320975
-1.6666998
2.5749927
0.85417147
-1.8881363
-1.546123
-1.4791782
-1.854459
-1.9900715
-1.9724856
-1.3556971
-2.2803399
-1.6896929
-1.848422
-1.7969515
-1.6611081
0.50498911
-1.7709427
-1.6706351
-1.8932945
-0.7787322
-1.6967093
-1.8233521
-2.058862
-2.1446707
-1.8479788
1.3559511
-1.2280388
-1.7998698
1.2846771
-1.6021232
-0.9363762
-1.635206
-1.8289957
-1.9404798
-1.9002657
-1.873659
-1.5986687
-1.9397546
1.1356462
-1.6274773
1.2064113
-1.5710432
-1.6338145
-1.9678112
-1.1902633
-1.9162911
-1.8503328
-1.9912902
-1.829639
-2.1225802
-1.2334028
-2.1464137
-2.3155265
-1.6746332
1.2780987
-1.7088226
-1.9240771
-1.5320617
-1.8143173
-1.9561166
-2.0782551
-2.1115641
-2.4120784
-1.6616742
1.1276212
-1.5479158
-1.341225
-1.8380622
-1.6466972
-1.7306228
-1.7434137
-1.4813628
-2.577549
-1.9013664
1.1711166
-1.6445782
-1.5583594
-1.3365901
-2.0682253
-2.1073289
-1.6406528
-1.6319168
1.2871115
-1.7113176
-2.4106657
-1.5119309
-1.6087912
-2.4944596
-2.1817519
-1.5405701
1.2914953
-1.9421325
-1.7839527
-1.6111656
-1.8960391
-1.8473005
-0.85130293
-1.2811223
-2.0932266
-1.868558
-2.000689
-1.9570728
-0.95210595
0.52035818
-1.682136
-1.7642698
-1.3891051
-1.6041926
-1.9055681
-1.3650497
1.4226084
-1.4547986
-1.2865454
-2.7168214
-1.0139577
1.3123097
-1.2810905
1.8250432
-2.9978776
-1.4148928
-1.7103565
-1.6126996
-2.2865556
-1.7115777
-1.6206616
-1.7358289
1.2674894
-1.8417253
1.0043709
-1.5877896
-1.9623027
2.185963
-2.1217071
-1.7523153
-1.0852501
0.97703454
1.0197428
-1.6210517
-0.93852664
1.0753483
-1.7909147
-1.7011115
-2.1556087
-2.1990426
-1.868792
0.163952
1.3925587
-1.294852
-1.2924865
-1.8434693
-1.5821953
-1.4343168
-1.9861342
1.1080719
-1.4603801
-1.9307871
-1.4564201
1.184661
-1.6230304
-1.7709109
-1.2955439
-1.4765328
-2.0741647
-1.5156283
-1.7025729
1.0480463
-1.6933449
-1.7775624
-2.8725556
-1.2896103
-2.1641049
1.7807714
-1.6655711
-1.960859
-1.794484
-1.8603152
0.77611558
1.2962588
-1.687877
-1.9308148
-1.9319514
1.0227405
-0.73831061
-3.7272759
-1.786288
-1.0680691
-1.4083364
-1.3481071
-1.9511358
1.0214057
-1.3677655
-1.4342209
-1.9019033
-1.6060969
1.327484
-1.8268254
0.93855861
-1.5459652
-1.8899765
1.6244971
-1.9819579
-0.99442065
-2.1896853
-1.7986837
-2.065425
1.1454711
-2.1312576
-1.4109164
-1.6608572
0.7422181
-1.1731974
-1.5536698
-1.3286412
-1.9871642
-1.386462
-1.3120412
-1.3920704
-1.6212273
-2.0961934
-2.2187097
-0.74993999
-1.386462
-1.0884295
1.1730066
1.0839454
-2.7661537
-0.79412916
-2.437114
-1.7388303
-0.79412916
-1.004575
-1.8096825
-1.6459303
-2.3403877
-1.6423231
-1.5188049
-1.703085
-2.2684409
-1.7667539
1.3578398
-1.398661
-1.8925956
-2.3538872
-1.6050148
0.89128217
1.426836
0.95424646
1.1697886
-1.4978166
-1.6799343
-1.7874243
-1.8435337
-0.89456579
0.5120058
-1.2481922
-0.93766359
-1.1879134
1.1661983
-0.63508127
-1.3797666
-2.3787941
-1.4284215
-1.6161393
-1.3244965
1.1905475
1.2915083
0.88241643
-1.6531753
-1.8481939
-1.7525567
1.559488
-1.685043
-1.6656208
1.4129362
0.97445107
-1.8161135
-1.8968434
-1.3442017
0.97020614
1.3746557
0.86598962
0.97130097
1.3822607
-1.621948
1.4648558
1.2117806
-1.4167886
-1.1237531
1.5633199
-1.9410328
1.392899
1.4661402
-1.7899506
1.4710198
-1.6741551
-1.7592828
-1.4096947
-2.014503
-1.9709554
-1.8529643
-1.6626326
-1.7375741
-1.9786993
-0.92448695
-2.6116469
-0.78543386
-1.119776
1.1836466
-2.8383429
-1.318074
1.2952122
1.1738436
-1.8168067
-1.201453
-1.2269357
1.2846459
-2.1960732
0.66889226
-2.0700771
-1.4703821
-0.85401828
-0.77415402
-1.8296686
-1.620342
-1.3644229
-0.90578475
-1.7219338
-3.0939006
-2.0106637
-1.9132989
-1.6857645
-1.3350637
-1.3381101
-1.2609167
-1.7531215
-1.2846658
-1.4228397
-2.0589665
-1.7380064
-1.9116688
-1.9662606
-2.0218042
-0.9836349
-1.5722501
0.76880072
-2.0560199
-1.551432
-1.3510513
-1.2895173
-1.8385096
-1.3231895
1.0088978
-1.3698978
-1.3223852
-2.1579208
-2.092232
-1.5813148
-1.9153955
-1.7977617
-1.7965237
-2.2558131
-1.7675338
1.5842583
0.75680045
-2.1189769
-1.7088649
-1.9095894
-1.9547209
-1.7959759
-1.796851
-1.4494029
-2.4777442
-2.3026223
-2.0696462
1.6858159
-1.3002142
1.1396607
-1.3667489
-1.8334285
-1.2553376
-2.0000908
-2.7405681
0.83610405
-1.6276903
-1.6228466
-1.8923884
-1.7411307
-1.4265958
-1.6690681
-1.6940408
-1.0535832
-2.2880791
-3.1815502
1.3289403
-1.9911562
0.86109326
-2.1690953
-1.1337766
-1.9541416
1.950837
0.98979626
1.0237733
-1.9201188
0.89442124
-1.380989
-2.7559798
1.2303981
-1.8661431
-1.0712407
0.81018104
-1.6897893
-1.9818981
1.1647721
1.5744896
-1.7269475
-0.74541239
-2.0193607
-2.0017514
-1.8776666
-0.90797512
1.4177161
-2.3668732
-2.1076379
-1.50852
-1.6579813
-1.3373422
-1.4764741
-1.4287911
-1.6335209
-1.9170871
-2.1006111
2.1683096
1.164805
-2.8935417
-1.4857317
-1.6182677
-1.2844995
-1.4824852
-0.68647849
-1.0385049
-1.6498257
0.93335986
2.793358
-1.5301068
-0.81604441
1.0803158
-1.5537163
-4.1465255
1.3581703
-2.2405769
-1.4971069
1.3804597
1.164805
1.2526454
-1.678926
1.7006458
-1.8504734
-2.01157
1.1497386
0.91164078
1.4694382
-2.193762
-1.4924897
-1.8751197
-1.7038577
-1.6130524
1.3229516
1.0086676
1.0239655
1.2894119
-1.2104148
-1.4570492
-1.6073277
-1.7633852
-2.2683557
1.0143899
-1.9023531
-2.2761087
-2.2395858
-1.360173
-2.2786823
1.3475643
-1.8991284
-2.4305906
1.3250371
-0.85568414
1.3422873
1.372967
-2.3781204
-1.4672373
1.0270071
-1.4458758
-2.2094348
-0.97386203
-1.7588433
-2.2165891
-2.2138715
-1.0680866
-1.1774952
1.0544053
-1.2826401
-1.3619442
-1.4216757
-1.0333941
0.98359287
-1.7259293
-1.8825481
1.1919017
-1.4663029
-1.4954349
0.80414446
-1.2826401
-1.2746436
-1.9474005
1.8916129
-1.4954102
